-1.035524 -0.064723 0.240061 -0.361940 -0.443894 -0.415057 -0.589900 0.200427 0.837314 -0.427806 -0.825672 -0.451705 -0.000476 -0.492606 0.009946 -1.155564 -0.876350 -0.761124 -0.335075 0.135676 0.883723 -0.729118 -0.889378 -0.904625 -0.919656 -0.142124 0.055108 -0.607037 -0.351632 -0.716429 -0.245404 -0.399477 0.630448 -0.816880 -0.913981 -0.321862 -0.195693 -0.192084 0.478260 -0.903275 -0.075977 -0.045129 0.212602 0.595955 0.748870 -1.066490 -0.449661 -0.711867 0.086988 -0.291130 0.535428 -0.353497 0.159979 0.197042 -0.183276 0.220290 0.477036 -0.880068 0.048126 -0.843543 
0.040723 -0.506191 -0.040626 -1.569258 -2.201750 2.510513 -0.001358 0.805176 -0.466093 -0.983913 -1.285893 2.063206 0.427254 -0.310170 -0.076970 -1.231542 -1.641915 2.321853 0.149376 -0.158649 0.794760 -1.271168 -1.382570 2.001430 0.249735 0.166293 -0.254906 -1.335246 -1.682943 1.872955 -0.253720 0.349137 0.381086 -1.198853 -1.935900 1.705940 -0.180402 -0.694341 0.059827 -0.997921 -1.942260 2.002468 -0.462622 0.259348 -0.759474 -1.199911 -1.842149 1.125392 0.528266 0.425518 0.322900 -0.648218 -1.425834 1.628056 0.205027 -1.045253 -0.188380 -1.043209 -1.976718 1.705738 
0.001619 0.328743 -1.670006 -0.093158 -0.011003 0.308176 -0.086340 0.454283 -1.518836 -0.268269 0.060136 -0.502845 0.001282 0.339270 -0.508999 -0.560642 0.106191 0.435737 0.008840 0.069917 0.568343 -0.301052 -0.011128 -0.052836 0.107475 -1.214955 0.360550 -0.353228 -0.157131 -0.063530 0.217939 0.020469 0.298368 -0.247205 -0.341988 0.294292 -0.302844 0.366356 0.505094 -0.604623 -0.358654 -0.219780 0.423298 0.105499 -0.303078 -0.420114 -0.142899 -0.580996 -0.685293 0.722386 -0.253188 0.330123 -0.666774 -0.186976 -1.191807 0.791123 1.369363 0.056073 -0.410288 0.438702 
0.031379 -1.474288 0.005906 -0.180214 0.382588 0.292472 0.395725 -0.544290 -0.234656 -0.244254 -0.316352 0.020998 0.542295 0.684429 -0.345473 -0.186958 0.109055 -0.307612 0.386186 0.163869 -0.056712 -0.021515 0.178713 0.130206 0.021809 -0.300702 0.351359 0.692555 0.359445 0.473688 -0.204572 -0.440790 -0.050700 0.711756 0.136252 0.582831 -0.055748 0.292666 -0.604733 0.166603 0.585057 -0.423679 0.830233 -0.570457 -0.066366 0.469042 0.094685 -0.278322 0.853303 0.525534 -0.311109 0.179779 0.273772 0.147145 1.356682 0.576264 -0.822224 0.475468 0.269746 -0.128571 
-1.666976 1.535106 -0.598642 1.222314 0.788874 -1.448613 -0.780350 0.041826 0.468537 0.664406 0.980276 -1.483201 0.628542 -0.490267 -0.653858 1.007961 1.301326 -1.433085 0.612783 0.711251 0.638189 0.971959 1.126468 -1.671012 0.761093 0.341631 -0.393649 0.901792 0.825368 -1.438374 0.908018 0.364109 0.038070 0.996681 0.629340 -1.278843 0.171658 0.152272 -0.561061 1.015559 0.991682 -1.186164 -0.145448 0.005973 -0.163909 0.656299 0.701923 -1.409162 -0.016504 0.533295 0.425221 1.120361 1.389954 -1.010974 -1.118716 0.079342 -0.473479 0.290792 1.245885 -1.222732 
-0.000148 1.036848 -0.259977 0.619417 0.066382 -0.258168 -0.877571 -0.189937 0.390793 0.039432 0.307173 0.445466 0.491699 -0.591854 -0.127743 0.095865 -0.087655 0.394438 -0.034336 -0.719969 0.418046 0.266049 -0.006287 0.262480 -0.267698 0.432600 -0.051256 0.372426 -0.041795 0.141183 0.898530 -0.402968 0.093814 0.536935 -0.431232 -0.214924 1.358988 0.043048 -0.211248 0.139086 -0.924761 0.057195 1.189604 0.052599 -0.777444 0.110041 -1.068197 0.210298 -0.074195 0.163586 -0.212242 0.371289 -0.358596 0.483933 -1.078872 -0.379568 0.526150 0.371844 -0.897207 -0.155994 
-0.350533 -0.100495 0.742166 -0.135369 0.217515 0.733160 0.388522 0.539639 0.273881 0.157572 0.652525 0.908247 -0.438032 0.234090 0.004097 -0.179067 -0.066763 0.854999 -0.790717 -0.081610 -0.084743 -0.146829 0.395760 0.272048 -0.821041 -0.396160 0.052057 -0.311630 0.124743 0.800655 -0.257316 0.013978 0.264815 0.174054 0.172233 0.905570 -0.666378 -0.023709 -0.021363 -0.198675 0.389706 0.965304 -0.623247 -0.559969 0.216001 -0.026446 -0.067293 0.254016 0.589592 -0.862049 -0.123013 -0.337512 0.763209 0.086728 0.076282 -1.288990 0.008618 0.445948 0.206725 0.488438 
-0.770707 -0.076416 -0.111969 1.254841 1.148893 0.386847 -0.488695 -0.504656 -0.218516 1.367250 0.830159 0.363867 -0.051663 -0.130864 -0.102695 1.371865 0.836929 1.150259 -0.091436 -0.158793 -0.055121 1.202773 1.024892 0.632568 -0.217232 0.301265 -0.244952 0.854327 0.441667 0.799433 0.118468 -0.146275 0.633204 1.093348 1.034568 0.750309 0.273186 -0.697127 0.422494 1.135154 1.046865 0.488456 -0.611945 -0.303243 0.773819 1.117055 0.312123 0.268027 -0.001678 0.220246 -0.794806 0.539357 1.223276 0.296286 -0.265006 0.192785 -1.645000 1.092303 0.478768 0.228845 
-0.309881 1.532067 1.669399 -0.452175 0.340011 0.201301 -0.727906 1.116405 -0.149395 0.464666 0.219600 0.561769 -0.186384 0.426232 -0.811495 0.246486 -0.472841 0.289387 -0.238642 0.906987 -0.882111 -0.251414 -0.403280 0.156991 -0.690165 -0.532876 -0.124071 0.469245 -0.382042 0.601489 -0.035127 -0.344698 -0.463198 -0.039022 0.276594 0.473022 -0.175290 -0.530985 -0.395929 -0.021124 0.313022 0.483584 0.170980 -0.977946 -0.439481 -0.036300 -0.356708 -0.028102 0.297068 -0.436711 -0.194603 -0.070379 -0.092802 0.033326 -0.072976 0.332653 1.537149 -0.011670 -0.103630 0.691659 
0.369598 -0.143985 -0.949175 0.076682 -0.170426 -0.312065 0.731925 0.455084 -0.523115 0.227140 -0.481396 0.231751 0.045935 0.413241 0.573740 -0.053479 -0.558387 -0.138190 -0.268530 0.242075 0.853692 -0.037418 0.089635 0.351065 0.068891 0.520974 0.510305 -0.454228 -0.205707 -0.018804 -0.011048 1.222988 0.889582 -0.028647 0.139875 -0.317114 -0.253802 -0.300288 0.188583 0.130864 -0.158682 0.000363 -0.362263 0.292460 -0.279304 -0.285197 0.160845 0.020558 -0.147216 -0.456245 -0.022448 -0.676421 -0.487498 -0.036307 -0.513685 -0.456063 -0.349809 -0.334685 -0.438406 0.195141 
0.045681 -0.800626 1.929469 0.084804 0.009730 -0.197219 -0.572876 -0.765195 -0.553193 0.448554 -0.148918 0.357467 0.111013 0.931893 -0.315791 0.129381 -0.154434 -0.299550 -0.401746 1.297036 -0.613021 -0.502805 -0.177271 0.134081 -0.419272 -0.519989 0.191077 -0.572433 0.021197 -0.367335 -0.578701 0.596158 -0.618528 -0.212124 0.410748 0.066435 -0.782320 0.475822 -0.287831 -0.013281 0.403299 -0.452233 -0.883280 0.080231 -0.045961 -0.026675 -0.062561 -0.872273 -1.056928 0.533986 1.549070 0.296319 -0.065287 -0.183338 0.590863 0.176047 1.059873 -0.032471 0.153054 -0.882262 
1.140203 -0.222910 -0.294691 -0.436539 -0.325072 1.755371 0.323025 -0.082467 -0.696331 -0.787941 -0.496335 1.121987 -0.513462 -0.037015 1.092226 -0.933362 -0.139493 1.665275 0.081949 -0.421511 -0.615878 -0.053306 0.041318 2.016282 -0.551603 0.424542 -0.035332 0.047108 0.101544 1.712569 0.449565 0.454605 0.005761 -0.632773 -0.575727 1.584297 0.939780 -0.197630 0.038556 -0.356734 -0.680214 1.610891 0.922924 -0.046427 0.012053 -0.217766 -0.496590 1.448504 -0.476752 0.421635 1.597790 -0.770445 -0.226461 1.265112 -0.978218 -1.538552 -1.234481 -0.163150 -0.136831 1.179843 
-0.493698 0.251522 -0.130307 -0.672645 -0.731590 -0.694022 0.627705 -0.013847 -0.859046 -0.537080 -0.819936 -0.781078 -0.473093 -0.631333 -0.100411 -0.978268 -0.531890 -0.552668 0.037852 -0.081744 0.216221 -0.976351 -0.298498 0.197652 0.249145 -0.134817 -0.508669 -0.848754 -0.655175 -0.558249 0.587681 -0.135528 -0.159271 -0.754488 -0.169022 -0.026033 0.635078 0.357996 -0.052504 -0.446497 -0.236121 0.066336 0.682013 0.006960 -0.063672 -0.405483 0.078078 -0.607942 0.046069 -0.118865 -0.537764 -0.476209 -0.322906 -0.729692 -0.405180 -0.149774 -0.276497 -1.271029 -0.674247 -0.724209 
-0.208390 0.348151 -0.103844 -0.397849 -0.412470 -0.354022 -0.797679 0.556177 0.015476 -0.496517 0.491683 -0.077390 -0.005117 -0.943803 -0.278639 -0.146222 0.224023 0.187328 -0.550509 -0.634141 -0.668861 0.093689 0.068211 0.385320 -0.117761 -0.232135 -0.040825 0.241110 -0.145970 0.002420 0.940002 -1.356374 0.850472 0.208812 -0.225467 -0.035330 0.252843 0.555872 0.022662 0.095928 0.253224 0.445685 0.816021 -0.507434 0.254020 -0.251996 0.378180 0.197615 0.220907 0.060007 -0.258467 0.414090 0.515670 0.281862 0.388777 -0.581216 1.357567 0.194510 0.780640 -0.286310 
0.428657 0.828853 0.773719 0.279845 -0.189528 -0.256993 0.011697 0.386576 0.877193 -0.452869 -0.422462 -0.914297 -0.318831 0.111161 0.323224 -0.597148 0.036955 -0.837626 -0.212999 0.136740 -0.465390 -0.579916 0.325638 -0.864751 -0.296644 -0.143300 -0.688953 -0.002397 -0.272449 -0.781214 -0.003044 -0.205748 -0.490614 -0.425062 0.177166 -0.680107 -0.303708 -0.701867 -0.528543 -0.218378 -0.633255 -0.239842 -0.388300 -0.267405 0.053928 0.087061 0.354341 -0.442178 0.087947 -0.537748 0.381294 0.110381 0.517652 -0.244114 -0.268825 -0.813399 1.996729 0.202462 0.066624 -0.980291 
0.637267 0.258714 0.208224 -0.331991 0.489600 -0.812934 -0.208289 -0.225865 -0.228524 -0.173743 -0.302231 -0.659652 0.113678 0.333415 0.226559 0.164182 0.224459 -0.572361 0.175011 -0.311438 0.679474 0.005104 -0.244358 -0.890417 -0.287487 -0.388546 -0.305856 -0.568849 0.503488 -0.710340 -0.400017 -0.845624 -0.100020 -0.570947 -0.430903 -0.033358 0.157162 0.955381 -0.329647 -0.306617 -0.062088 0.087324 0.405448 -0.349744 0.403669 -0.492056 0.072537 -0.811739 0.696402 -0.054428 0.488719 -0.681282 0.000810 -0.055292 0.890851 0.896674 -0.491227 0.137802 0.322010 -0.747482 
1.291671 -0.618697 -0.467425 0.308742 0.165128 -0.383038 0.781395 0.153253 -0.351909 0.370055 0.263206 -0.312150 -0.555405 -0.768687 -0.381926 0.136609 -0.538861 -0.072627 0.268941 0.138997 0.384384 -0.471006 0.079078 -0.632777 -0.207605 0.820633 0.607858 -0.090454 0.420781 0.003119 -0.253617 0.585485 1.072367 -0.439169 -0.541662 -0.493250 -0.690687 -0.302467 -0.155617 -0.132700 0.255900 -0.571187 -0.483032 -1.037075 -0.139747 -0.232626 -0.543910 -0.338339 -0.793787 -0.084876 0.748979 0.418677 0.010456 0.066860 0.330698 -2.116681 -1.387096 -0.115413 -0.363480 -0.157312 
0.860292 0.164354 -2.011391 0.611843 0.251984 0.697186 0.151048 0.072813 0.063708 0.550051 -0.114857 0.347505 0.055620 0.490091 0.640735 0.453713 0.438356 0.014308 0.164279 0.964456 0.310563 0.556177 -0.078371 0.658276 0.023111 0.049827 0.776678 0.609136 -0.135608 0.780383 0.069912 0.129755 0.088984 0.133712 0.007852 0.880680 0.314788 0.098377 0.223003 0.643181 0.118832 -0.106959 0.673299 0.089764 -0.100511 0.550841 0.809512 0.351817 0.277564 -0.071305 0.429547 0.376899 0.122752 0.595814 -0.108012 -0.742747 -1.061647 0.311282 0.272786 -0.221873 
-0.066118 0.140508 -1.166003 0.512965 -0.190953 0.131354 0.320808 -0.094990 -0.817566 0.210365 0.255332 -0.355677 0.292927 -0.913222 0.307676 -0.256064 -0.057169 -0.526541 0.204178 0.010101 0.634334 0.192784 0.431368 -0.427309 0.464818 0.615102 -0.409363 0.128707 -0.423073 -0.760127 -0.133600 -0.298812 0.765119 0.086755 0.251978 -0.686981 0.473088 -0.300606 0.803301 0.573979 -0.017592 -0.020889 0.000815 1.065582 0.784665 0.188057 -0.267074 0.022034 0.100750 1.186208 -0.856801 -0.430643 -0.077589 -0.223107 -0.326611 -0.370349 -2.229660 -0.168277 0.093122 -0.005186 
0.457756 0.412006 -0.093689 0.284582 -0.205384 0.533286 0.767065 0.722076 0.322611 0.077419 0.380899 0.028404 0.018353 -0.466023 0.225078 -0.002625 0.660907 0.533116 0.193371 -0.136377 0.149621 -0.165049 0.164371 -0.058593 -0.095446 -0.635866 0.580103 0.057864 0.450816 0.631677 -0.075692 -0.394178 -0.244516 0.317276 0.565147 -0.068391 -0.126642 0.278733 0.180970 -0.000138 -0.108549 0.105925 0.417118 0.295988 -0.604250 0.767453 -0.230119 0.240835 -0.376221 -0.019860 -0.584409 -0.004162 0.240909 0.540760 -0.658149 -0.770730 -0.067257 0.028057 0.245903 0.084560 
-0.628970 0.060351 1.159874 -0.754906 -0.959448 0.025137 -0.177802 -0.195958 0.727044 -0.252510 -0.531671 0.340728 -0.022922 -0.353376 0.523483 -0.812599 -0.355996 0.413767 -0.111280 0.566865 -0.130795 -0.869654 -1.266061 -0.341833 0.128377 -0.245275 -0.134662 -1.053124 -1.015259 0.564096 0.460648 0.327684 -0.373861 -0.744722 -0.473123 0.646761 0.610403 0.108101 -0.092949 -1.049591 -1.114980 -0.281351 0.374222 -0.596681 -0.623790 -0.904350 -0.794170 0.017982 0.250888 -0.679756 -0.425729 -0.526703 -0.755863 0.281567 0.433824 0.383468 -0.926705 -1.009827 -0.967481 -0.041707 
0.250532 -0.216562 0.119539 0.700533 0.513248 0.509448 0.146951 -0.237561 -0.041738 0.292401 0.369255 1.107106 0.282356 0.209754 0.047479 1.015703 0.169033 0.315131 -0.296652 -0.239014 -0.114397 1.134369 0.752754 0.650296 -0.091159 -0.045223 0.492958 0.358807 0.303168 0.131628 -0.348824 0.260258 -0.346420 0.873252 0.574718 -0.158840 0.653304 -0.116940 -0.392618 0.395023 0.504820 -0.460314 -0.297246 0.049384 0.755170 0.472897 -0.144707 -0.059308 0.330689 0.234685 0.274394 0.903181 0.170183 -0.068596 0.050208 -0.303477 -0.627960 0.260633 0.022908 0.657329 
0.095534 0.237928 -0.962094 -1.079956 -0.450023 0.102475 0.150943 0.453833 -0.405550 -0.325179 -0.628607 0.128617 0.217892 0.055044 -0.571010 -0.687425 -0.451555 -0.323267 -0.185252 0.067842 -0.048896 -0.837811 -1.151804 0.049015 0.292338 0.407544 0.668468 -1.026855 -0.787056 0.591120 -0.148464 -0.176340 0.388247 -0.801532 -1.082888 0.756587 -0.958178 -0.734520 -0.195229 -0.804132 -0.286482 0.523857 -1.188046 -0.112664 -0.911915 -0.904889 -0.514790 -0.417701 -0.535466 -0.714766 -0.307083 -0.356458 -0.699758 -0.159956 -0.191843 -0.225359 0.350022 -0.520662 -0.161792 -0.480913 
-0.094154 0.102724 0.152904 0.338763 0.059630 0.547125 -0.696473 0.113372 -0.249090 -0.241204 -0.273009 0.341592 -0.060404 0.299388 -0.216406 0.627084 -0.101916 0.768155 -0.057633 -0.582492 0.694103 0.091138 -0.111779 0.622387 0.363466 0.188595 1.017027 0.080773 0.486298 0.613985 0.015976 -0.391645 0.663864 0.269991 -0.132966 0.171066 -0.084587 -0.500036 0.405685 0.585658 0.262366 0.757255 -0.271710 0.258819 0.631676 0.685027 -0.076515 0.589836 0.102331 0.317360 0.252827 0.590869 0.274862 0.271375 -0.262272 0.035154 -0.403753 0.482033 0.069703 0.997432 
0.224851 -0.298441 -1.081037 -0.016824 -0.362073 -0.133204 0.487550 -0.781458 -0.377900 0.053677 -0.567335 0.301607 0.064538 -0.123145 -1.026706 -0.140612 0.386138 0.346709 0.787144 -0.350222 -0.621269 -0.295791 0.093571 0.549349 0.607285 -0.756749 -0.440496 -0.085885 -0.498997 0.446406 0.028223 0.006620 0.066643 -0.509670 -0.126157 0.173464 0.050060 -0.075919 -0.384829 -0.598005 -0.175354 0.066212 -0.061515 -0.303782 0.730328 -0.388717 -0.353295 0.352828 0.035578 0.319767 0.185029 -0.317679 -0.109657 0.178761 -0.185372 0.648668 -0.152594 -0.314375 0.415826 0.319341 
0.399112 0.080132 -0.184185 -0.298588 -0.419003 -0.563062 0.183671 -0.102255 0.121877 0.226162 -0.196219 -0.556529 0.073655 0.314922 0.475254 0.410159 -0.083103 0.186078 -0.489932 -0.351213 -0.461314 -0.157755 -0.539152 -0.124694 -0.183986 -0.189706 0.001492 -0.081662 0.293287 -0.106503 -0.524081 -0.200081 -0.306695 -0.106420 -0.289333 0.094658 0.356180 0.192385 0.025075 0.263102 0.052935 -0.405096 -0.150156 -0.059730 0.412203 0.090702 -0.311411 0.046126 0.267899 -0.130750 -0.435398 -0.150136 0.070448 -0.243027 0.511603 -0.099937 0.288412 -0.265922 -0.683718 -0.238731 
0.825408 -0.369214 -0.022504 -0.410588 0.289999 -0.431309 0.900470 0.428536 -1.119190 -0.428297 -0.254622 -0.583192 0.150306 0.276144 -0.750002 -0.623851 0.072595 -0.342138 0.469513 0.178287 -1.095007 -0.689442 -0.513817 -0.070270 -0.211607 -0.137870 -0.281863 -0.664725 0.022153 -0.633682 -0.981460 -0.135855 0.472826 -0.656442 -0.599439 -0.428927 -0.199951 0.245164 0.372235 0.041886 -0.847882 -0.918719 0.109215 -0.381265 0.312407 -0.784209 -0.998960 -0.910698 -0.160557 -0.448133 -0.277956 -0.148815 -0.875353 -0.494509 0.473787 0.495688 0.069090 -0.475469 -0.935480 -1.245645 
0.194899 -0.853267 -0.145388 -0.025815 0.310961 0.601530 0.537823 -0.912593 -0.253239 0.574319 0.250814 0.789699 0.483821 -0.232101 -0.661997 -0.155024 0.231756 0.001363 0.369714 -0.297082 0.465680 0.180092 -0.328180 0.516806 0.286194 0.095748 0.007089 0.470629 -0.420691 0.298647 -0.195609 0.849397 0.904496 0.525729 -0.295215 0.706034 -0.003159 -0.264625 0.412887 -0.147054 0.155925 0.553814 -0.349571 -0.358240 -0.406773 0.137311 -0.791490 0.610678 -0.337077 -0.632035 -0.081705 0.694443 -0.193892 0.490872 0.106259 -1.066353 0.312691 0.255994 -0.184235 0.527925 
-0.446592 -0.025966 0.390520 0.352275 -0.266256 0.261055 -0.359102 0.422362 -0.708955 -0.228835 -0.293356 0.178239 -0.027286 -0.689047 -0.393640 -0.259286 -0.036671 -0.268192 -0.204273 -0.870699 -0.455613 0.484948 0.156930 -0.138643 0.504461 0.716439 -0.258304 -0.054367 0.400972 -0.043786 -0.423974 -1.022550 0.280288 0.454401 0.223226 -0.407879 0.322511 -0.025082 -0.146878 0.148202 0.698667 0.193894 -0.362637 0.562876 0.063513 0.186238 0.200984 0.320283 0.434868 -0.257563 -0.219589 -0.212505 0.127851 -0.000472 0.707591 -1.366348 -0.561693 0.417152 0.295578 -0.360620 
-0.113752 -0.128193 -0.268852 0.325937 -0.919015 -0.774223 -0.154100 -0.205720 -0.579321 -0.238253 -1.423279 -1.597339 -0.520658 -0.432971 0.053548 0.247222 -1.305510 -1.109190 0.427304 -0.708188 -0.560890 0.758394 -1.099584 -1.666087 0.327376 -0.687435 0.528363 0.325538 -1.003397 -1.450944 0.018807 0.116788 0.438689 -0.056784 -1.330630 -0.539277 0.218731 -0.395400 -0.555806 0.198794 -0.378877 -0.906846 -0.317094 -0.633994 0.173112 0.065369 -0.650287 -0.973451 -0.031965 -0.767376 0.564490 0.243717 -0.961460 -0.009804 0.797544 -0.091067 0.817348 0.689786 -1.099685 -0.758556 
-1.049687 -1.404886 -0.978050 0.338902 0.637451 0.532235 0.090124 0.068548 -0.053027 0.630153 0.578549 -0.138689 0.515516 0.421677 0.409066 0.785172 0.744708 0.292437 0.425646 0.190690 0.170685 1.061130 0.601256 0.177337 0.536110 -0.088919 -0.538867 1.047633 0.527409 0.208640 -0.235415 0.189899 -0.507283 0.970956 0.154029 0.157354 -0.131038 0.010802 -0.553921 0.563219 -0.067560 0.328297 -0.090874 -0.295887 0.215445 0.289672 0.001559 0.507553 -0.642495 -0.435117 -0.187033 0.577441 -0.061055 0.479682 -0.831470 -0.182603 0.462379 0.959984 0.261935 -0.144832 
0.091424 -0.175724 -0.826799 -0.141969 0.829000 -0.341655 -0.614989 0.207414 0.253798 0.363762 1.015785 -0.348191 -0.372918 -0.524812 0.298831 0.417286 0.734172 -0.218432 0.142720 -0.770246 -0.291891 0.395265 0.977011 -0.711926 0.151499 0.030418 0.557089 0.164311 0.951720 -0.622379 -0.363666 0.538704 -0.263387 0.517924 0.591902 -0.479763 -0.141980 0.507933 0.149836 0.604573 0.960718 -1.054929 -0.343072 -0.589752 -0.534415 0.822662 1.004550 -0.934991 0.295048 0.398536 -0.440393 0.337584 1.448538 -0.844604 0.672265 -0.499303 0.555628 0.421772 0.653330 -0.522038 
-0.201905 -0.508046 -0.738858 0.353025 0.513465 -0.113106 -0.157573 -0.069518 -0.780516 0.433501 0.760837 0.400524 -0.094812 -0.160292 0.617469 0.544498 0.306608 0.347416 -0.180697 -0.319839 0.856191 -0.192924 0.031159 0.189432 0.234917 0.288080 0.831154 -0.251834 0.013724 0.072839 -0.100699 0.579512 0.372648 0.277953 -0.096016 0.047749 -0.164384 -0.555001 -0.540207 -0.201777 0.551133 -0.464014 -0.100413 -0.590718 -0.232477 0.145205 -0.224666 -0.159122 -0.015745 -0.130813 0.124665 0.605500 0.385626 -0.156123 0.996830 0.070748 0.921217 0.446077 -0.152994 0.189833 
0.559701 -0.072083 0.569836 0.586693 0.710398 0.192332 -0.289489 -0.313192 -0.556054 -0.104035 0.999944 1.322616 0.036396 0.721514 0.052662 0.138410 0.664163 0.651838 -0.509657 -0.178255 0.012414 0.292839 0.684478 0.887434 0.300059 -0.370101 -0.100699 0.534001 1.635627 0.934881 0.386295 0.603056 -0.335558 0.470286 1.339401 0.571245 -0.463481 -0.252330 0.133803 0.465620 1.571427 0.042330 -0.659772 0.265236 0.086237 0.063085 0.930396 0.922366 0.401110 0.279502 0.404934 0.267378 1.671521 0.465596 -0.003906 -0.332438 -0.039853 0.581988 1.674528 0.844384 
1.480835 0.094604 0.641877 0.027479 0.282565 0.874618 0.964595 -0.796608 0.394589 0.146637 -0.408389 0.842797 0.727142 -0.392258 -0.087272 0.237222 0.124277 0.925476 0.755090 -0.399386 -0.491857 0.235898 0.535267 0.633715 0.417775 -0.827432 -0.246749 0.398176 -0.022734 0.543701 -0.281714 -1.215313 -1.408424 -0.155652 -0.021649 0.184554 -0.471299 -0.076790 -1.117245 0.567300 0.148225 0.909476 -1.342236 -0.357087 -0.185330 0.527323 0.136957 -0.145152 -0.889091 -0.146722 1.293844 -0.075890 -0.107628 -0.183932 0.792002 2.289072 1.141187 0.601344 0.238978 0.234015 
-0.339816 0.409889 0.475720 -0.039466 0.530770 0.738843 0.295591 0.010444 0.235833 0.035127 0.356980 0.500706 -0.324415 -0.342703 0.443839 -0.151792 0.268356 -0.110978 -0.173015 0.598059 0.072014 -0.189714 -0.068287 0.066103 0.631119 1.396266 -0.778961 -0.151299 0.262362 0.397639 0.098957 -0.021036 -0.229123 0.519685 0.113265 -0.060788 0.812039 1.170503 -0.685897 -0.097450 0.486582 0.536429 0.831993 0.211872 -0.147878 0.196674 0.645046 0.397541 0.749497 -2.099958 0.843404 -0.197123 0.506530 -0.071736 1.788268 -0.721302 0.558357 -0.144822 0.039259 0.452302 
0.470848 0.305474 -0.627467 0.776175 0.292636 0.829142 0.292667 0.252405 0.210577 0.264917 0.164758 0.600053 -0.405297 0.137659 0.048402 0.945297 0.712250 -0.004921 0.039613 -0.037452 -0.092196 0.265473 0.774222 0.422554 -0.387029 -0.228212 0.248245 0.396319 0.122470 0.528276 0.280162 -0.207073 0.150851 0.761116 0.726866 0.435285 -0.240851 -0.257342 -0.572839 0.065541 0.825491 -0.645475 0.028027 0.542041 -0.146978 0.534897 0.482234 0.416011 -0.589662 0.338539 0.635476 0.702886 0.877944 -0.161145 -0.350992 -0.922134 -0.310189 0.809814 1.297246 -0.387567 
-0.260514 0.905659 -0.057406 -0.043314 -0.435981 0.306065 -0.227115 0.201684 0.392746 0.176595 0.087359 0.205718 -0.834180 0.564247 0.277635 -0.481469 -0.378806 0.104412 -0.762580 0.943896 -0.049371 0.239649 -0.009067 0.450686 -0.362233 0.445234 -0.830390 0.460041 0.237140 -0.161847 -0.812541 0.306239 0.332941 0.415685 -0.039750 -0.341409 -0.524017 0.558462 -0.506088 -0.120989 0.118625 0.478679 0.526762 1.037509 -0.167372 0.365533 -0.436403 -0.156030 -0.324590 -0.481745 -0.448538 -0.288701 0.222679 0.413494 0.520887 -1.436853 -0.031855 0.422982 -0.540999 0.633918 
-0.467627 -0.039625 -0.350212 0.238359 -0.187822 -0.085987 0.232882 -0.141485 0.233453 0.480707 0.117910 -0.125816 -0.124312 -0.136703 0.613185 0.554431 0.496714 0.230323 -0.425609 -0.820451 0.312343 0.432845 0.158787 0.338353 0.188179 -0.430434 0.416412 -0.049591 0.500733 -0.100038 0.715016 -0.525598 0.158783 -0.094098 -0.006635 -0.211871 0.020676 -0.084945 0.367189 0.052333 -0.306371 0.633730 0.076325 0.202229 0.429060 0.275658 0.219157 0.348131 0.026865 -0.195585 0.461111 0.341752 0.576367 0.295098 0.147033 0.375083 0.817524 0.327412 -0.133889 0.297033 
-0.196688 0.074871 2.524834 0.020220 0.031523 0.012881 -1.014400 0.037795 0.475349 -0.179905 -0.414519 -0.141932 -0.519237 0.266506 0.223907 -0.118129 -0.449096 -0.006936 -0.922496 0.842806 -0.708803 -0.562803 -0.017311 0.116325 -0.347084 0.320193 -0.366303 0.306373 -0.158535 0.037473 -0.117391 -0.347242 -0.165743 0.213244 -0.334375 -0.278726 -0.391093 0.689228 0.389826 -0.537314 -0.727104 0.346728 0.025077 0.648674 -0.016468 -0.330694 -0.937471 -0.316522 -0.446046 -0.867112 -0.266498 -0.101766 -0.246982 -0.027199 0.068156 -1.321909 0.346475 -0.286170 -0.647018 0.521782 
-0.792052 -0.715838 1.074541 0.046434 -0.717706 -0.755742 -0.280757 0.001061 0.062514 0.129499 -0.194147 -0.480187 0.286230 -0.417248 -0.320801 -0.075862 0.116038 -0.255743 -0.041802 0.093620 -0.775966 -0.156555 -0.558636 -0.113620 0.706017 0.370906 -0.471677 -0.150940 0.049160 -0.476696 -0.212679 0.117175 -0.013832 0.195731 0.105619 -0.767590 -0.565675 0.179937 -0.268029 -0.196843 -0.522918 0.031188 -0.986156 0.784743 0.039400 0.243005 -0.075279 -0.115101 -0.663916 -0.300899 -0.658950 0.036751 -0.134115 -0.712552 -0.933505 0.015704 0.002008 -0.168848 -0.289291 0.077890 
0.869876 -0.280700 0.806514 0.307556 0.766902 0.368288 -0.025148 0.496786 -0.183772 0.675324 0.483952 0.200528 -0.640888 0.755040 -0.617230 0.026842 0.375241 -0.127240 -1.163453 0.110416 -0.355487 0.033434 0.743778 0.223323 -0.675499 -0.590139 -1.172834 0.044682 0.432253 -0.328244 -0.276271 -0.712221 0.187777 0.568195 0.193179 0.032286 -0.190762 -0.543662 0.162603 0.644916 0.680444 0.293990 -0.296463 -0.536847 0.033919 0.416250 1.104911 0.193110 -0.272277 -0.523742 0.747493 0.549471 0.932635 0.487897 0.675579 -0.889459 -0.296840 -0.228815 1.077024 -0.023803 
0.018811 0.542234 -0.345614 0.005427 0.618665 0.207374 0.510192 -0.572241 0.192784 -0.150500 0.278062 -0.397478 -0.125231 -0.205642 0.298173 0.508487 0.532928 0.000738 0.104611 -0.210263 -0.169624 -0.040090 0.018681 -0.203006 0.013191 -0.560997 0.524247 0.004533 0.847025 0.066283 -0.468107 -0.319268 -0.180922 -0.197275 0.199322 -0.311303 -0.270678 -0.365795 -0.888345 -0.068993 0.383018 0.421696 0.043749 0.123410 -0.232914 0.407546 -0.204599 0.384937 0.013474 -0.758505 -0.358323 0.194019 0.355788 0.023751 -0.674222 -0.317564 1.217990 0.079751 -0.158800 -0.061153 
0.718990 -1.672216 1.969030 0.414379 0.455125 0.074421 0.064378 -0.178619 -0.020932 0.400883 0.365153 0.512568 -0.509968 -0.117039 -0.912078 0.466201 0.697849 0.111572 -0.449710 -0.428105 -0.717459 0.683199 0.625428 0.080597 0.083818 -0.148975 -0.107259 0.640334 -0.027738 0.596427 -0.170730 1.327187 0.462009 0.512838 0.168634 0.673721 -0.026734 0.303080 0.311518 0.411173 0.380312 -0.291845 0.879822 0.259274 -0.357488 0.590785 0.246639 0.065172 0.466255 0.212141 0.059087 0.004142 0.687645 0.104774 0.661627 -0.828843 -1.117905 0.272516 0.335858 0.308452 
0.134036 -0.045038 0.349241 -0.013500 0.188515 0.054846 -0.112110 0.243808 0.017331 0.103314 0.108919 -0.035653 0.341166 -0.354967 -0.257221 0.072690 -0.007031 0.492236 0.027710 0.231645 -0.417308 0.312702 0.115634 0.065190 -0.047077 0.057192 -0.160965 0.029494 0.013504 -0.044163 0.007631 -0.027171 -0.187644 0.119718 1.059801 0.280218 -0.506537 0.204354 0.184073 0.588913 0.723406 0.300564 0.207548 0.091337 -0.080080 0.530059 1.107076 -0.145167 -0.612886 0.089400 0.258815 -0.131458 0.709860 -0.127443 -0.065252 -0.072819 -0.538900 0.044898 1.345608 -0.525332 
-0.305492 -0.652643 1.598387 0.403629 0.363210 0.148534 0.243672 -0.793123 0.000421 -0.333580 -0.024107 0.130381 0.106074 -0.421036 -0.594571 0.077445 0.820975 0.533864 -0.326099 -0.461474 -0.437212 0.092706 0.545765 0.333493 -0.058913 -0.311584 0.284766 -0.112887 0.480127 0.646951 -0.270082 0.819012 -0.103173 -0.157409 -0.111429 0.161018 0.585608 -0.059925 -0.241967 0.187629 -0.142219 1.061999 1.088585 0.554143 1.059284 0.068294 0.414337 0.623752 1.388383 -0.931401 0.068850 0.081388 0.150416 0.882458 1.272795 2.376364 -0.106450 -0.424310 0.327982 1.152581 
-0.297385 -0.312993 -0.532121 -0.418569 -0.024087 0.453229 0.000228 -0.610280 -0.548181 0.163165 -0.305659 0.152536 -0.530580 -0.518044 -0.602715 0.280216 0.269077 -0.023842 0.270490 -0.420424 -0.444234 0.174384 -0.043678 -0.103371 -0.105307 -0.599017 -0.176169 -0.409187 0.148667 0.120605 -0.321372 -0.217696 -0.161523 -0.163105 -0.544963 -0.368652 -0.517688 0.316569 0.101971 -0.350022 -0.272044 0.111015 -0.752083 0.216590 -0.095232 0.238928 0.155867 -0.310567 -0.103108 0.859657 -0.144671 -0.463716 -0.364730 0.042253 -0.187896 0.723789 0.054803 0.062292 0.372336 -0.428367 
-0.965817 0.327501 0.105004 0.297964 0.326343 -0.332780 -0.845586 0.885503 -0.508851 0.782166 0.780478 -0.295356 -0.511116 0.840208 0.418545 0.598125 0.683887 -0.295638 -0.391527 0.414313 0.101955 0.687428 0.254168 -0.202678 0.612438 0.102807 -0.082047 0.883027 0.386253 0.071540 -0.042029 -0.442202 0.107979 0.713972 0.483231 -0.483765 -0.631067 -0.347606 -0.587260 0.762946 0.221942 -0.482638 0.003541 -0.178040 0.301409 0.668927 0.331378 -0.543320 0.389923 -1.263263 0.415588 0.118572 0.233056 -0.436627 0.280684 -1.574956 0.625969 0.162626 0.203905 -0.240964 
0.828953 -0.323451 0.391744 0.001010 0.193822 0.454877 0.207529 -1.178514 -0.458501 -0.202491 -0.424374 -0.160342 0.379073 -0.642894 -0.305106 0.430157 -0.042752 0.277259 0.070104 -0.156369 -0.886947 0.142766 0.442868 0.580132 0.768554 -0.268156 -0.390789 -0.112104 -0.066715 0.496479 -0.286626 0.072723 -0.545435 -0.327870 -0.286858 0.403097 -0.011584 0.475716 0.332337 0.069402 0.056457 0.069744 0.408754 -0.067969 0.241811 0.412887 -0.301181 0.574468 -0.197059 -0.513312 1.104062 0.123334 -0.201948 -0.234560 -0.648088 -0.430881 -0.047495 0.600739 0.566101 -0.158426 
0.539660 -0.727732 0.606106 -0.223608 0.546192 0.422338 -0.185267 -1.024649 0.028164 0.312000 0.415483 -0.021845 -0.088701 -0.055168 0.555153 0.086760 0.008061 -0.167937 -0.430303 -0.706044 0.681650 0.556718 -0.017108 0.094391 -0.565521 -0.552897 0.415808 -0.144163 0.158225 0.151797 -0.560702 -0.015139 -0.585725 0.317616 0.211222 -0.358627 -0.360731 0.515751 0.754028 0.609583 0.135153 0.065484 -0.200709 0.109587 -0.023333 0.498677 -0.317721 -0.466432 -0.095258 -0.017036 -0.053991 0.396358 0.592410 0.104127 0.386984 1.341383 1.105567 -0.233387 0.466562 0.505531 
0.337774 -1.882166 -0.113979 0.273393 0.353370 -0.558228 -0.338125 -1.277825 -0.422558 -0.220787 -0.191062 -0.222797 0.024251 -0.015367 -1.240152 0.145526 -0.258955 -0.276520 -0.675432 0.016419 -0.102034 0.138305 -0.259807 -0.936472 -0.052956 -0.106732 -0.559555 0.276860 -0.144215 -0.618071 -0.579497 -0.152853 -0.529382 -0.246268 -0.398098 -0.819765 -0.195308 0.465468 -0.082929 0.204955 0.153496 -0.888887 -0.088042 -0.075764 0.485239 -0.268279 -0.493064 -0.043027 0.089421 -0.503358 0.092794 0.480402 -0.467112 -0.109643 -0.259985 0.116890 0.369802 -0.037786 0.131499 -0.684441 
0.065144 0.613378 -1.170072 -0.474997 -0.834343 0.083895 0.424206 0.479117 0.175224 -0.608359 -0.271752 0.241729 -0.222362 1.150570 0.145877 -0.373135 -0.927306 -0.346212 -0.496842 0.264410 0.640491 -1.033653 -0.701195 0.476829 -0.005843 -0.407367 -0.451304 -0.585632 -0.318788 -0.364510 -0.257240 -0.410772 -0.052720 -0.554952 -1.043428 0.107761 -0.992208 -0.391584 -0.055822 -0.939364 -0.418388 0.410263 -0.672589 -0.707027 0.089827 -0.688498 -1.243930 0.098305 -0.707865 0.658731 -1.049006 -0.101643 -0.993556 0.305296 -1.351240 0.546299 -1.104874 -0.618822 -0.924823 -0.050668 
0.074516 -0.475438 1.256793 0.217242 -0.499558 0.896465 -0.861200 0.725758 0.530989 0.543872 0.373545 0.902912 -0.409844 0.723915 -0.433089 0.663315 0.092061 0.454893 -0.697061 0.031726 -0.475781 0.523060 0.206885 0.677726 -0.308386 -0.899428 0.499787 0.342798 0.008648 0.715497 -0.503763 -0.628900 -0.411769 0.193389 -0.382843 0.508683 0.098366 -0.734291 -0.989537 -0.196287 0.024623 0.255237 -0.057166 0.655113 -0.461302 0.546256 0.258304 0.318619 0.042906 0.267215 0.521045 -0.100389 0.425757 0.998738 -0.260367 -0.029287 1.797811 0.718250 0.085992 0.662114 
0.300491 0.484608 -0.667595 0.606296 -0.088841 0.639628 -0.572587 -0.241045 -0.194067 0.435893 0.146702 1.645148 0.263983 -0.354260 -0.374843 0.532628 -0.210952 0.965292 0.815061 -0.081508 0.329147 0.919969 0.113870 0.379964 0.015781 -0.338728 0.313475 0.686212 -0.023326 0.468465 -0.475873 -0.108927 -0.261998 0.449196 0.433010 0.088149 0.042006 0.083505 -0.072501 0.220814 0.057721 0.442899 1.095574 -0.231419 -0.490847 0.244245 0.404009 0.456974 0.195982 0.353605 0.777892 0.511615 -0.155312 0.456325 -1.061584 0.257760 -0.790414 0.392748 0.240891 0.053425 
0.720164 -0.853689 -0.034981 0.273281 -0.042725 0.674771 0.657716 0.084273 -0.284591 0.426671 0.721720 0.424303 0.317129 0.178426 -0.040532 0.109890 0.448662 0.210280 0.201614 0.871853 0.143092 0.410916 0.518328 0.124449 -0.213230 1.200357 0.489926 -0.065427 0.708450 -0.068627 0.074517 0.560238 -0.365767 0.522551 0.525449 0.424639 0.476430 0.536355 0.158636 0.828451 0.784605 -0.537773 -0.408940 0.576284 0.570955 0.540534 0.611369 0.336686 0.201462 -0.501899 0.697947 0.849763 0.074281 0.466215 0.099418 -0.513933 0.598707 0.590051 0.652198 0.464687 
0.882081 -1.601760 -0.172837 -0.265419 0.014049 -0.984042 1.244777 0.317722 0.014193 0.116668 0.055776 -0.907962 0.792162 0.334115 0.233192 0.146760 0.111533 -0.364477 1.136645 -0.023395 0.514485 0.280260 -0.051988 -0.425789 0.938992 0.357904 0.319800 -0.247748 0.604549 -1.114207 1.132226 0.238081 0.443227 -0.230070 0.101993 -0.668891 0.169973 -0.443492 -0.352482 0.503112 0.636056 -0.576044 0.155101 0.121798 0.518504 0.265394 0.575514 -0.967904 0.402541 0.215565 -0.237659 0.512615 0.355036 -1.259698 0.372146 -1.894849 -0.943830 0.090594 0.490377 -0.804986 
-0.348167 1.206429 -0.896078 -0.996099 -0.902189 -0.556019 -0.153788 -0.490455 -0.103845 -0.243509 -0.537398 -0.509897 -0.890005 -0.878248 0.133104 -0.171927 -0.039462 0.090946 -0.808419 -0.803481 0.165881 -0.808801 -0.963192 0.208833 0.162671 -0.620701 -0.151413 -0.715891 -0.299084 0.300835 0.020684 -0.712112 0.462830 -0.481976 -0.555570 0.061232 0.293043 -0.571375 0.232178 -0.666679 -0.775812 0.035478 0.373766 0.576932 0.223928 -0.905141 -0.826773 0.454055 0.743554 0.983068 0.827076 -0.250613 -0.041412 -0.069584 0.317569 0.649787 -0.306566 -0.965511 -0.872756 0.088770 
0.079207 0.062873 0.620315 -0.618430 0.071045 -0.009861 -0.726900 -0.076776 -0.637744 -0.349849 -0.784682 -0.895750 -0.152996 -0.144479 -0.599009 -0.062008 -0.450530 -0.802591 -0.003634 -0.382955 -0.456032 -0.040335 -0.604646 -0.180592 -0.180857 0.147313 0.158016 -0.050176 0.228633 -0.247890 0.454892 -0.078450 0.218752 -0.731178 -0.325982 0.049177 0.542769 -0.687277 -0.310014 0.048257 -0.206500 0.016554 0.246977 -0.827219 -0.482234 -0.800892 -0.062785 -0.525627 -0.056505 0.998673 0.122863 -0.906665 0.233654 -0.258295 -0.546858 0.245310 -0.318577 -0.743528 -0.138223 0.144102 
-1.382227 -0.980823 -0.185464 -0.582664 -0.624036 0.445654 -0.569439 0.306628 0.943411 -0.226187 -0.543269 -0.391363 -0.485692 -0.374115 0.690870 -0.242650 -0.171130 -0.305320 0.298011 0.373310 1.096695 -0.251701 -0.586960 -0.414361 0.513065 -0.028918 0.656641 -0.647592 -0.464704 -0.206106 0.561394 0.189734 -0.581215 -0.053215 0.141737 0.027403 0.394832 0.214111 0.096902 -0.296530 -0.085119 -0.043986 -0.364641 -0.040446 0.489059 -0.807771 -0.219777 -0.258113 -0.641489 0.310957 -0.007745 -0.048957 -0.026229 0.394681 -0.852633 0.287255 0.525551 -0.406711 -0.391630 0.218897 
-1.021583 1.057162 -0.560499 0.953545 0.730024 0.399953 -0.717929 -0.280099 -0.486444 0.917555 0.891851 0.340894 -0.033123 0.211922 1.213940 0.506827 0.813426 0.489562 -0.231870 -0.274193 -0.270968 0.857357 0.686198 0.188119 -0.216074 -0.501736 0.517301 0.252510 0.583721 0.470232 -0.591161 -0.903052 0.089077 0.630570 0.588251 0.562440 0.432997 0.583182 -0.568898 0.615984 0.756025 0.108962 0.033352 -0.661137 -0.180302 0.987553 0.599679 0.194854 1.001574 1.030322 0.434399 0.617341 0.212059 0.737271 1.525949 1.319734 0.609796 0.553640 0.756177 -0.006081 

0.056158 0.031471 -0.531295 0.229365 -0.857460 0.032417 -0.637173 -0.440446 -0.572021 -0.810334 -0.611992 -0.362260 -0.376765 0.123298 0.130639 0.114688 -0.165908 -0.375088 -0.325826 -0.177880 -0.292555 -0.584778 -0.171517 0.111562 -0.066593 -0.398914 -0.495909 -0.607879 -0.013158 0.102710 -0.574119 0.150799 -0.366725 -0.472418 0.257682 0.193565 0.215177 -0.002538 0.117101 -0.302746 -0.534254 -0.309617 -0.272990 -0.285667 -0.549850 -0.371711 -0.681082 -0.477115 0.052268 -0.239619 -0.640191 -0.407840 0.052335 -0.142958 0.035513 -0.621377 -0.029238 -0.648929 -0.366426 -0.360770 
2.861600 2.754238 0.551999 -0.584756 -1.721133 -0.491830 -0.748910 -1.677974 -0.951223 -0.182840 0.509968 0.264577 1.287208 -0.070582 0.567462 0.121433 0.510745 -0.293805 0.287703 -1.470360 1.666143 -1.970646 1.304170 -0.508812 0.223696 1.340876 1.739155 -1.714779 0.255578 1.344242 -1.797491 -1.383642 -0.994892 -2.514382 -1.076213 -1.195077 -2.705336 0.441930 -0.331184 0.740297 0.651918 -0.118994 -0.737615 -1.343235 -1.336237 -1.085793 0.370611 -2.016737 -0.945824 -1.294126 0.157415 0.929757 -1.505581 -2.067192 -1.755148 0.066720 1.433277 0.379974 2.084366 -1.698272 
-2.519593 -2.961301 0.917796 0.175104 1.346317 2.414820 0.678940 2.259347 0.542662 -1.461760 -0.765343 -1.277764 -2.070166 -0.517388 -1.733408 -1.930198 0.813935 -0.992123 -1.521041 -1.000358 -2.424523 3.015586 -1.296808 -0.262341 -0.290763 2.675170 -1.821577 1.204357 -0.382220 -1.614540 0.866357 -0.798068 -0.102626 2.334058 -0.478104 -0.986853 -2.273681 -0.836939 -1.424599 0.413920 1.092789 -0.129952 -0.036445 -1.121197 -4.232447 -2.046483 0.233167 1.258175 -0.300227 -0.082448 -0.439045 0.520227 -0.317849 2.317811 1.132500 -1.238795 -1.925143 -1.769530 -1.762281 1.381206 
0.640555 -3.514536 -3.395451 2.774716 2.029642 -2.635766 -1.788716 -1.685391 -2.044531 1.808410 1.887733 -3.210753 0.931773 2.629759 1.805382 -1.110682 -3.172040 1.923580 -1.245562 -1.097407 1.425520 0.048726 1.070329 1.865877 1.065135 0.349849 -2.012947 -1.920942 2.443529 1.280885 -1.105066 2.305445 -1.312280 1.069810 -3.162447 -1.677925 2.514468 -2.711263 1.563614 -2.579551 1.288670 2.409463 1.833779 2.449503 2.842741 -1.482081 0.688033 -1.790432 -1.647108 -1.586289 -2.074581 -4.074690 2.097287 0.415770 1.134000 3.051877 1.316835 1.599931 0.933526 -1.522774 
-1.195857 2.347188 2.083654 -1.714976 -2.121060 0.602515 1.574692 1.601173 2.001632 -1.455838 -2.488981 2.996000 -1.349125 -1.534388 -1.413204 1.648161 2.905592 -1.312666 2.200045 1.512074 -1.469719 -2.371255 -1.820386 -0.922231 -1.133315 -3.051852 2.003140 1.624230 -1.739381 -1.916342 1.267444 -1.455362 2.071162 -1.306215 3.498790 2.121897 0.581135 1.949335 0.524142 1.173954 -2.106293 -1.916703 -1.264615 -1.411722 2.266506 2.914650 -1.447256 1.461751 1.886991 2.224857 2.206936 1.736179 -0.931148 -2.025418 -0.675190 -2.372170 -1.508152 -1.023295 -1.888999 1.780005 

-0.773669 -4.531514 2.404504 0.332106 3.334496 3.560141 0.299176 1.576438 -0.129481 -2.155602 1.712658 -3.810078 1.066796 -0.939151 -1.606140 -4.066603 0.887683 -1.876495 -2.797544 -1.895573 -0.410917 5.319832 -1.176022 -1.736016 0.447630 6.587685 -1.926086 -0.886939 -0.187686 -0.921216 0.731766 -0.646093 -0.886081 4.257461 -3.054112 -3.172839 -4.938418 0.810234 -1.176555 1.257328 1.933741 -0.533630 -0.566350 -1.839777 -5.761841 -3.551852 1.392146 1.544973 -0.671075 -1.051872 -0.405825 0.377890 -1.404218 4.580510 -0.419594 1.479557 -0.843746 -1.524744 0.172591 0.174317 

-0.144647 -0.745812 -0.835081 -1.257657 -0.664494 